LNR_EASTBRIDGE: 1611,422,112,35
LNR_LP07: 1850,569,125,121
LNR_LP06: 1896,717,68,155
LNR_LP05: 1897,896,66,43
LNR_LP04: 1895,984,110,154
LNR_CAVE03: 1265,1776,60,35
LNR_CAVE04: 1295,1721,111,44
LNR_CAVE05: 1408,1715,64,46
LNR_OE04: 1442,233,105,47
LNR_OE03: 1548,216,117,35
LNR_CAVE06: 1530,1677,152,75
LNR_LEG: 1710,1943,48,158
LNR_LEGCONNECTOR: 1748,2079,108,35
LNR_LPINSIDE08: 1949,2085,58,35
LNR_LPINSIDE07: 1984,2131,52,79
LNR_LPINSIDE05: 1996,2449,58,35
LNR_LPINSIDE04: 2004,2620,66,31
LNR_LPINSIDE02: 2316,2627,168,48
LNR_LPINSIDE03: 2426,2676,56,41
LNR_LPINSIDE01: 2425,2796,64,77
LNR_LPTUBE: 2429,2947,100,35
LNR_LPPIPES: 2491,2979,105,40
LNR_CRATE04: 2137,842,38,17
LNR_CRATE01: 2053,803,68,38
LNR_CRATE02: 2111,786,52,39
LNR_CRATE03: 2116,822,34,17
LNR_CRATE05: 2166,787,48,35
LNR_CRATE06: 2161,755,48,35
LNR_CRATE07: 2150,724,27,35
LNR_SLPCRATE: 2097,748,60,37
LNR_LPINSIDE06: 1984,2238,112,115
LNR_LP01: 2363,4379,62,157
LNR_LPOBLIGATORYBALLSROOM: 2354,4222,67,115
LNR_LP03: 2068,4146,270,40
LNR_LEGSIDE: 1656,3567,63,41
LNR_SAND03: 1086,3430,226,44
LNR_SANDTOLL: 876,3447,170,35
LNR_SAND02: 1340,3424,64,35
LNR_SAND01: 1429,3377,158,81
LNR_BRICK01: 1027,1925,68,35
LNR_CAVE07: 589,1967,60,75
LNR_SAND08: 654,489,112,35
LNR_SAND09: 765,492,48,35
LNR_BRIDGEBASE: 809,497,69,115
LNR_BRIDGE01: 781,2138,221,41
LNR_BRICK06: 748,2096,48,75
LNR_BRIDGE02: 999,2138,118,41
LNR_SAND10: 580,3605,164,35
LNR_BRICK07: 543,2094,48,37
LNR_SAND12: 10,3645,216,35
LNR_CAVE10: 316,1901,55,35
LNR_CAVE11: 356,1932,49,24
LNR_BRICK02: 827,1930,56,35
LNR_SBRICK: 819,1914,48,22
LNR_SBRICK02: 542,604,48,38
LNR_CAVE02: 1018,1784,68,41
LNR_SLEG: 1711,2100,48,35
LNR_LEGTOP: 1703,3638,60,40
LNR_SLPTOP: 2411,2992,48,35
LNR_SAND11: 229,3608,317,75
LNR_OE02: 1662,1712,104,35
LNR_SAND05: 666,3445,170,83
LNR_TUNNEL01: 950,1687,116,81
LNR_TUNNEL02: 779,157,176,44
LNR_TUNNEL03: 836,192,120,43
LNR_TUNNEL05: 593,128,108,35
LNR_TUNNELCAVE01: 519,1596,68,75
LNR_TUNNELCAVE02: 443,1593,64,35
LNR_TUNNELDOME: 783,196,60,38
LNR_TUNNELFISHY: 164,1547,276,83
LNR_SECRET: 218,10,64,40
LNR_TUNNELMERCH: 813,231,48,35
LNR_STUNNEL: 682,1754,48,35
LNR_SAND07: 382,3461,204,75
LNR_TUNNELPIT: 940,1802,60,39
LNR_SCAVE: 883,273,48,35
LNR_CAVE01: 1094,1795,164,43
LNR_BRICK04: 847,1826,56,75
LNR_SHAFT01: 1196,1844,48,52
LNR_BRICK03: 898,1862,152,38
LNR_SAND04: 982,349,172,35
LNR_BRICK05: 832,441,48,35
LNR_ARCHIVESTASH: 612,1729,48,35
LNR_SAND06: 466,347,170,45
LNR_CAVE08: 417,1875,56,35
LNR_CAVE09: 308,1868,112,35
LNR_SAND13: 55,349,256,75
LNR_TUNNEL04: 624,163,172,43
LNR_TUNNELCOLLAPSE: 731,193,68,78
LNR_ARCHIVE01: 573,1689,68,75
LNR_ARCHIVE02: 481,1691,106,79
LNR_ARCHIVEPIT: 527,188,48,158
LNR_EASTTOWER: 1579,1861,48,115
GATE_LNR_OE: 1767,190,48,35
LNR_SOE: 1751,1689,21,27
GATE_LNR_SI: 2594,1476,48,35
