BLV_PIPE02: 1197,899,102,39
BLV_TOPPIPES01: 1167,851,56,35
BLV_PIPE01: 1145,908,52,35
BLV_DUCT01: 978,390,152,35
BLV_TOPPIPES02: 1109,848,60,35
BLV_DUCT06: 779,933,48,35
BLV_WALL03: 974,129,52,115
BLV_TOWER03: 1105,749,48,35
BLV_TOWER01: 1105,771,48,75
BLV_TOWER02: 1146,756,48,35
BLV_TOWER04: 1131,640,56,115
BLV_WALL02: 1214,1274,59,75
BLV_WALLPIPE01: 1355,713,48,35
BLV_WALLPIPE02: 1359,750,48,35
BLV_WALL01R: 1319,159,50,35
BLV_WALL01: 1226,1360,52,75
BLV_TOPPIPES03: 920,850,54,35
BLV_LOT04: 825,1354,58,39
GATE_BLV_LNR: 1386,942,48,35
BLV_TOPPIPES08: 941,801,48,37
BLV_TOPPIPES04: 919,833,48,35
BLV_DUCT05: 812,927,65,36
BLV_OUTERLOT: 1202,1453,100,40
BLV_PIPE04: 964,899,112,35
BLV_DUCT02: 966,949,100,35
BLV_PIPE07: 653,862,52,38
BLV_TOPPIPES09: 955,717,48,35
BLV_TOWERLOT01: 974,1270,152,75
BLV_DUCT04: 840,390,100,35
BLV_DUCT03: 933,343,48,122
BLV_CISTERN01: 916,1049,62,35
BLV_TOPPIPES07: 573,808,54,35
BLV_LOT06: 523,1404,48,37
BLV_LOT01: 969,1421,152,75
BLV_TOPFOOD: 497,817,48,35
BLV_PIPE08: 475,802,48,35
BLV_LOT03: 545,1443,100,75
BLV_LOT02: 683,1407,156,37
BLV_TOPPIPES06: 629,770,56,77
BLV_TOPPIPES05: 835,812,48,36
BLV_PIPE06: 725,868,152,35
BLV_PIPE03: 1086,1499,48,38
BLV_WALL02R: 1272,1313,100,35
BLV_LOT07: 309,1449,100,37
BLV_SLOT: 513,874,48,35
BLV_TOPPIPES17: 407,818,54,75
BLV_TOPPIPES16: 455,854,56,35
BLV_TOPPIPES15: 507,849,56,35
BLV_SHAFT: 881,117,48,235
BLV_PIPE05: 1023,915,48,37
BLV_FIRSTTUNNEL: 1129,342,256,67
BLV_TOPPIPES18: 268,813,48,75
BLV_CISTERN02: 855,1049,62,35
BLV_DUCT07: 702,389,152,35
BLV_PIPE09: 344,892,48,35
BLV_DUCTBIG02: 297,980,114,118
BLV_CAVE06: 411,1687,100,75
BLV_DUCT11: 189,1061,100,35
BLV_DUCTENTER: 471,309,100,75
BLV_TREELOT: 323,174,152,75
BLV_DUCT09: 427,981,106,35
BLV_DUCTBIG01: 550,982,160,118
BLV_DUCT08: 716,1064,52,38
BLV_CISTERN04: 820,1684,62,75
BLV_CAVE01: 714,1735,102,35
BLV_CAVE03: 637,1746,55,35
BLV_CAVE04: 530,1702,100,35
BLV_CAVE05: 518,1745,103,35
BLV_CAVE02: 647,1702,52,35
BLV_SCISTERN: 981,1057,48,35
BLV_SFIRST: 1368,972,50,35
BLV_SPIPE01: 1169,883,48,35
BLV_SWALL01: 1366,685,48,35
BLV_VENT01: 462,662,48,35
BLV_VENT02: 308,659,152,35
BLV_SVENT: 299,630,22,24
BLV_VENT03: 309,683,42,14
BLV_FAN01: 282,651,48,35
BLV_DUCT12: 131,1062,50,35
BLV_DUCT10: 198,983,100,35
BLV_DUCT13: 91,984,100,35
BLV_DUCTBIG03: 32,900,68,118
BLV_SDUCT: 10,1601,24,13
BLV_VENT04: 244,607,48,75
